0 0.575781 0.329688 0.151562 0.484375
0 0.638281 0.383594 0.373437 0.676562
0 0.867969 0.389844 0.142187 0.476563
0 0.442969 0.403125 0.207813 0.565625
0 0.136719 0.371875 0.139063 0.356250
0 0.057813 0.384375 0.071875 0.359375
0 0.097656 0.231250 0.029687 0.093750
0 0.792188 0.264844 0.025000 0.057813
0 0.330469 0.437500 0.232813 0.518750
0 0.923438 0.262500 0.021875 0.028125
0 0.352344 0.278906 0.051562 0.079687
0 0.022656 0.285938 0.045312 0.109375
0 0.227344 0.261719 0.035937 0.070313
0 0.573438 0.342969 0.850000 0.260937