0 0.864062 0.552344 0.081250 0.242188
0 0.385937 0.402344 0.296875 0.639062
0 0.971875 0.481250 0.056250 0.240625
0 0.845313 0.384375 0.081250 0.115625
0 0.803125 0.300000 0.031250 0.053125
0 0.937500 0.478125 0.103125 0.256250
0 0.046875 0.394531 0.093750 0.379688
0 0.112500 0.376563 0.062500 0.162500
0 0.072656 0.384375 0.064062 0.175000
0 0.460156 0.268750 0.023438 0.090625
0 0.250000 0.391406 0.078125 0.307812
0 0.574219 0.414844 0.085938 0.317188
0 0.785156 0.276562 0.029687 0.075000
0 0.559375 0.305469 0.878125 0.339062