0 0.606250 0.815625 0.040625 0.184375
0 0.694531 0.832812 0.035937 0.128125
0 0.010937 0.775781 0.021874 0.085938
0 0.123438 0.796875 0.021875 0.015625
0 0.253906 0.795312 0.017188 0.034375
0 0.302344 0.810156 0.014063 0.026562
0 0.309375 0.771875 0.012500 0.037500
0 0.339844 0.771094 0.020313 0.045312
0 0.400000 0.793750 0.021875 0.034375
0 0.288281 0.788281 0.017188 0.029687
0 0.781250 0.778125 0.021875 0.112500
0 0.202344 0.782031 0.017188 0.029687
0 0.363281 0.761719 0.017188 0.035937
0 0.492188 0.772656 0.956250 0.135937