0 0.496094 0.552344 0.232813 0.804688
0 0.367188 0.450000 0.128125 0.503125
0 0.680469 0.391406 0.110937 0.432812
0 0.871094 0.346875 0.095312 0.271875
0 0.860156 0.207031 0.082812 0.154688
0 0.743750 0.164063 0.115625 0.134375
0 0.191406 0.171875 0.064062 0.109375
0 0.153125 0.282813 0.075000 0.228125
0 0.096875 0.282031 0.075000 0.229687
0 0.881250 0.145313 0.046875 0.084375
0 0.347656 0.172656 0.042188 0.117188
0 0.312500 0.230469 0.059375 0.126562
0 0.242188 0.273438 0.103125 0.253125
0 0.505469 0.165625 0.951562 0.328125