0 0.665625 0.594531 0.031250 0.145313
0 0.171094 0.696094 0.092188 0.301563
0 0.307812 0.703125 0.100000 0.287500
0 0.704688 0.597656 0.037500 0.135937
0 0.729688 0.599219 0.025000 0.117188
0 0.759375 0.599219 0.031250 0.120313
0 0.913281 0.607031 0.023438 0.104688
0 0.631250 0.596094 0.034375 0.126562
0 0.767188 0.581250 0.025000 0.106250
0 0.401562 0.539063 0.018750 0.040625
0 0.045312 0.336719 0.015625 0.067187
0 0.235156 0.328125 0.017188 0.059375
0 0.619531 0.636719 0.042188 0.057813
0 0.516406 0.533594 0.848437 0.257813