0 0.808594 0.900000 0.076563 0.178125
0 0.500781 0.902344 0.048438 0.195312
0 0.556250 0.805469 0.065625 0.107813
0 0.280469 0.530469 0.035937 0.110937
0 0.929688 0.885156 0.062500 0.085938
0 0.150781 0.550781 0.045312 0.120313
0 0.273438 0.839844 0.065625 0.298438
0 0.978125 0.900000 0.043750 0.178125
0 0.539844 0.517188 0.048438 0.118750
0 0.046875 0.755469 0.075000 0.235937
0 0.455469 0.894531 0.057813 0.210938
0 0.060156 0.930469 0.120312 0.139062
0 0.402344 0.527344 0.051562 0.132813
0 0.346094 0.622656 0.517188 0.492188