0 0.767188 0.693750 0.071875 0.128125
0 0.731250 0.696094 0.037500 0.092188
0 0.167187 0.679688 0.062500 0.325000
0 0.524219 0.628906 0.035937 0.067187
0 0.901563 0.678906 0.040625 0.210938
0 0.871875 0.666406 0.037500 0.151562
0 0.723437 0.551562 0.034375 0.093750
0 0.465625 0.606250 0.021875 0.096875
0 0.566406 0.545312 0.023438 0.059375
0 0.561719 0.719531 0.067187 0.198437
0 0.585156 0.542188 0.017188 0.043750
0 0.699219 0.683594 0.045312 0.104688
0 0.132813 0.609375 0.028125 0.118750
0 0.488281 0.752344 0.976562 0.489063