0 0.147656 0.527344 0.135937 0.470313
0 0.668750 0.509375 0.150000 0.240625
0 0.478125 0.557031 0.162500 0.154688
0 0.308594 0.106250 0.070313 0.068750
0 0.360156 0.139063 0.048438 0.112500
0 0.332813 0.085938 0.034375 0.081250
0 0.460938 0.122656 0.043750 0.085938
0 0.525000 0.185938 0.043750 0.071875
0 0.407813 0.510156 0.118750 0.245312
0 0.897656 0.551562 0.057813 0.090625
0 0.814063 0.575000 0.056250 0.056250
0 0.704688 0.153125 0.037500 0.106250
0 0.723437 0.184375 0.050000 0.087500
0 0.502344 0.115625 0.992188 0.231250