0 0.492969 0.590625 0.032813 0.093750
0 0.379688 0.664844 0.062500 0.310937
0 0.071875 0.535156 0.034375 0.164063
0 0.615625 0.465625 0.040625 0.125000
0 0.586719 0.488281 0.023438 0.126562
0 0.321875 0.518750 0.034375 0.203125
0 0.210156 0.522656 0.039063 0.189062
0 0.530469 0.539844 0.054688 0.185938
0 0.488281 0.482812 0.042188 0.168750
0 0.459375 0.488281 0.037500 0.179688
0 0.757813 0.540625 0.187500 0.496875
0 0.022656 0.791406 0.045312 0.257813
0 0.254688 0.520312 0.043750 0.168750
0 0.365625 0.472656 0.668750 0.310937