0 0.740625 0.076563 0.043750 0.103125
0 0.639844 0.064844 0.032813 0.126562
0 0.405469 0.512500 0.073438 0.165625
0 0.118750 0.060937 0.028125 0.093750
0 0.167187 0.064844 0.028125 0.070313
0 0.323437 0.047656 0.046875 0.051562
0 0.032031 0.100000 0.045312 0.059375
0 0.367969 0.046094 0.029687 0.042188
0 0.507031 0.532031 0.098437 0.192188
0 0.453125 0.532813 0.062500 0.106250
0 0.285156 0.054688 0.032813 0.056250
0 0.190625 0.048438 0.037500 0.096875
0 0.800781 0.064062 0.048438 0.068750
0 0.509375 0.056250 0.978125 0.112500