0 0.432031 0.543750 0.095312 0.628125
0 0.369531 0.389844 0.067187 0.573438
0 0.789844 0.455469 0.085938 0.470313
0 0.282813 0.242188 0.040625 0.118750
0 0.919531 0.458594 0.123438 0.617188
0 0.689844 0.500000 0.070313 0.656250
0 0.260937 0.573438 0.150000 0.834375
0 0.117969 0.418750 0.060937 0.571875
0 0.514062 0.490625 0.068750 0.453125
0 0.771094 0.419531 0.067187 0.492188
0 0.164844 0.491406 0.067187 0.529687
0 0.091406 0.455469 0.129688 0.567187
0 0.310156 0.679688 0.082812 0.359375
0 0.372656 0.578906 0.739062 0.717187