0 0.489063 0.534375 0.090625 0.290625
0 0.779687 0.167187 0.062500 0.065625
0 0.263281 0.214844 0.051562 0.239063
0 0.823438 0.125000 0.050000 0.065625
0 0.878125 0.117188 0.046875 0.068750
0 0.855469 0.107813 0.035937 0.068750
0 0.742188 0.091406 0.053125 0.101563
0 0.702344 0.041406 0.045312 0.076563
0 0.668750 0.040625 0.043750 0.081250
0 0.630469 0.039844 0.035937 0.070313
0 0.589844 0.035156 0.060937 0.070312
0 0.364844 0.034375 0.057813 0.062500
0 0.921094 0.121094 0.051562 0.089063
0 0.499219 0.317969 0.998437 0.635938