0 0.702344 0.666406 0.073438 0.179688
0 0.822656 0.651563 0.051562 0.112500
0 0.160938 0.654687 0.087500 0.196875
0 0.958594 0.654687 0.060937 0.137500
0 0.913281 0.635938 0.020313 0.075000
0 0.045312 0.592187 0.028125 0.037500
0 0.078125 0.575781 0.028125 0.060937
0 0.103125 0.590625 0.025000 0.031250
0 0.267969 0.577344 0.023438 0.057813
0 0.291406 0.577344 0.014063 0.042188
0 0.418750 0.584375 0.015625 0.046875
0 0.541406 0.592969 0.017188 0.048438
0 0.578906 0.589063 0.010937 0.031250
0 0.335938 0.577344 0.031250 0.057813