0 0.598437 0.335938 0.115625 0.290625
0 0.976563 0.385156 0.046874 0.129688
0 0.896875 0.381250 0.021875 0.087500
0 0.873437 0.414063 0.037500 0.143750
0 0.846875 0.410156 0.040625 0.120313
0 0.810937 0.408594 0.040625 0.117188
0 0.084375 0.376563 0.028125 0.075000
0 0.126562 0.378125 0.050000 0.071875
0 0.939063 0.386719 0.037500 0.135937
0 0.061719 0.382031 0.023438 0.070313
0 0.947656 0.445313 0.023438 0.096875
0 0.189062 0.390625 0.040625 0.078125
0 0.766406 0.376563 0.035937 0.087500
0 0.467969 0.423438 0.932813 0.215625