0 0.446875 0.542188 0.012500 0.062500
0 0.747656 0.559375 0.023438 0.093750
0 0.960156 0.553125 0.020313 0.065625
0 0.258594 0.569531 0.017188 0.076563
0 0.770312 0.551562 0.015625 0.071875
0 0.577344 0.537500 0.017188 0.050000
0 0.521875 0.533594 0.012500 0.045312
0 0.489844 0.550781 0.014063 0.039063
0 0.471875 0.539063 0.012500 0.065625
0 0.288281 0.585156 0.010937 0.048438
0 0.439844 0.536719 0.010937 0.067187
0 0.996875 0.546094 0.006250 0.067187
0 0.488281 0.542969 0.004687 0.039063
0 0.443750 0.563281 0.706250 0.101563