0 0.182812 0.755469 0.365624 0.457813
0 0.430469 0.639062 0.204687 0.543750
0 0.594531 0.357812 0.048438 0.112500
0 0.265625 0.413281 0.081250 0.182812
0 0.312500 0.394531 0.062500 0.173437
0 0.164063 0.445313 0.065625 0.168750
0 0.354687 0.390625 0.059375 0.106250
0 0.539063 0.358594 0.090625 0.135937
0 0.723437 0.350000 0.031250 0.109375
0 0.200781 0.444531 0.085938 0.226563
0 0.391406 0.343750 0.079687 0.131250
0 0.973437 0.614844 0.053125 0.254688
0 0.764844 0.318750 0.054688 0.103125
0 0.500000 0.580469 0.996875 0.835938