0 0.236719 0.700000 0.192188 0.221875
0 0.451562 0.620313 0.190625 0.278125
0 0.135156 0.671094 0.135937 0.264062
0 0.491406 0.292969 0.104688 0.123438
0 0.088281 0.244531 0.070313 0.076563
0 0.720313 0.250781 0.050000 0.139063
0 0.966406 0.241406 0.060937 0.101563
0 0.157812 0.287500 0.075000 0.206250
0 0.436719 0.048438 0.054688 0.096875
0 0.764062 0.208594 0.037500 0.076563
0 0.098437 0.342969 0.075000 0.117188
0 0.798438 0.262500 0.050000 0.100000
0 0.027344 0.304688 0.054688 0.209375
0 0.500000 0.407031 0.996875 0.814062