0 0.238281 0.746875 0.010937 0.015625
0 0.413281 0.785937 0.017188 0.046875
0 0.476563 0.795312 0.012500 0.050000
0 0.102344 0.954688 0.076563 0.087500
0 0.601563 0.792969 0.009375 0.023438
0 0.605469 0.795312 0.004687 0.021875
0 0.628125 0.900781 0.015625 0.067187
0 0.750000 0.877344 0.012500 0.023438
0 0.624219 0.845313 0.014063 0.050000
0 0.325781 0.773438 0.007813 0.012500
0 0.335156 0.769531 0.010937 0.023438
0 0.611719 0.920312 0.020313 0.062500
0 0.460938 0.785156 0.009375 0.048438
0 0.500000 0.671875 0.996875 0.653125