0 0.317969 0.381250 0.142187 0.387500
0 0.464062 0.563281 0.056250 0.232813
0 0.600000 0.585156 0.096875 0.392188
0 0.431250 0.505469 0.037500 0.085938
0 0.845313 0.517188 0.037500 0.100000
0 0.812500 0.567969 0.034375 0.195313
0 0.742969 0.537500 0.039063 0.187500
0 0.782031 0.559375 0.045312 0.171875
0 0.909375 0.564844 0.040625 0.164063
0 0.989844 0.561719 0.020312 0.167187
0 0.962500 0.557813 0.043750 0.193750
0 0.870313 0.559375 0.028125 0.175000
0 0.928906 0.566406 0.023438 0.145313
0 0.552344 0.558594 0.564063 0.254688