0 0.596875 0.587500 0.246875 0.203125
0 0.846094 0.515625 0.235937 0.353125
0 0.256250 0.487500 0.253125 0.325000
0 0.144531 0.689063 0.232813 0.225000
0 0.918750 0.340625 0.115625 0.109375
0 0.572656 0.443750 0.132813 0.078125
0 0.149219 0.342969 0.139063 0.120313
0 0.703125 0.893750 0.375000 0.184375
0 0.508594 0.437500 0.170313 0.118750
0 0.923438 0.683594 0.153124 0.304688
0 0.299219 0.303906 0.095312 0.060937
0 0.396875 0.389844 0.184375 0.179688
0 0.600000 0.316406 0.109375 0.157812
0 0.456250 0.429688 0.906250 0.443750