0 0.521875 0.612500 0.140625 0.565625
0 0.302344 0.765625 0.145313 0.296875
0 0.210156 0.711719 0.135937 0.404687
0 0.246875 0.264844 0.165625 0.192188
0 0.682031 0.186719 0.067187 0.170313
0 0.022656 0.287500 0.045312 0.115625
0 0.114062 0.207813 0.062500 0.228125
0 0.311719 0.236719 0.092188 0.160938
0 0.832812 0.093750 0.053125 0.065625
0 0.607031 0.192188 0.079687 0.171875
0 0.440625 0.183594 0.081250 0.214062
0 0.285156 0.194531 0.048438 0.154688
0 0.469531 0.139844 0.010937 0.026562
0 0.832812 0.158594 0.246875 0.295312