0 0.836719 0.435937 0.142187 0.603125
0 0.521094 0.388281 0.095312 0.460938
0 0.396094 0.348438 0.154688 0.418750
0 0.471094 0.230469 0.057813 0.114062
0 0.583594 0.439844 0.195313 0.576562
0 0.642969 0.262500 0.039063 0.159375
0 0.780469 0.300781 0.076563 0.329688
0 0.908594 0.422656 0.107813 0.451562
0 0.928125 0.233594 0.031250 0.101563
0 0.621094 0.313281 0.060937 0.257813
0 0.617188 0.146094 0.034375 0.107813
0 0.742188 0.225000 0.028125 0.103125
0 0.971875 0.248438 0.025000 0.125000
0 0.668750 0.214062 0.659375 0.203125