0 0.261719 0.493750 0.217188 0.975000
0 0.943750 0.542969 0.084375 0.401562
0 0.898438 0.554688 0.021875 0.037500
0 0.687500 0.580469 0.043750 0.114062
0 0.092188 0.558594 0.021875 0.132813
0 0.635938 0.498437 0.031250 0.053125
0 0.603125 0.552344 0.037500 0.139063
0 0.630469 0.574219 0.026562 0.117188
0 0.581250 0.562500 0.018750 0.115625
0 0.648438 0.576562 0.018750 0.093750
0 0.558594 0.578906 0.014063 0.073438
0 0.564063 0.537500 0.015625 0.068750
0 0.008594 0.560937 0.017188 0.100000
0 0.472656 0.559375 0.170313 0.118750