0 0.482031 0.603906 0.067187 0.389062
0 0.719531 0.604688 0.085938 0.428125
0 0.869531 0.610938 0.067187 0.431250
0 0.690625 0.573438 0.037500 0.362500
0 0.955469 0.584375 0.070313 0.378125
0 0.152344 0.473438 0.057813 0.196875
0 0.332031 0.506250 0.045312 0.268750
0 0.548438 0.590625 0.065625 0.315625
0 0.396875 0.558594 0.021875 0.198437
0 0.268750 0.541406 0.065625 0.370312
0 0.431250 0.513281 0.062500 0.404687
0 0.220312 0.461719 0.046875 0.260937
0 0.655469 0.508594 0.057813 0.360938
0 0.692969 0.566406 0.242188 0.367188