0 0.211719 0.293750 0.232813 0.171875
0 0.589063 0.298438 0.218750 0.168750
0 0.718750 0.221094 0.078125 0.117188
0 0.500781 0.249219 0.079687 0.085938
0 0.361719 0.267969 0.079687 0.048438
0 0.909375 0.344531 0.181250 0.210938
0 0.337500 0.217188 0.034375 0.050000
0 0.782031 0.186719 0.035937 0.035937
0 0.856250 0.186719 0.040625 0.039063
0 0.449219 0.220312 0.032813 0.025000
0 0.222656 0.237500 0.048438 0.062500
0 0.267969 0.203906 0.023438 0.026562
0 0.335938 0.196875 0.046875 0.028125
0 0.610938 0.196875 0.450000 0.037500