0 0.703906 0.392188 0.029687 0.103125
0 0.400000 0.291406 0.143750 0.217188
0 0.287500 0.304688 0.112500 0.237500
0 0.178906 0.302344 0.129688 0.248438
0 0.107031 0.311719 0.110937 0.232813
0 0.544531 0.301563 0.089063 0.196875
0 0.501563 0.850000 0.106250 0.225000
0 0.680469 0.940625 0.167187 0.096875
0 0.598437 0.358594 0.081250 0.167187
0 0.910937 0.894531 0.178125 0.189062
0 0.670312 0.395313 0.056250 0.090625
0 0.491406 0.248438 0.057813 0.134375
0 0.642188 0.354687 0.050000 0.115625
0 0.382031 0.667969 0.764062 0.573438