0 0.364063 0.339062 0.093750 0.359375
0 0.504687 0.331250 0.084375 0.365625
0 0.582031 0.289844 0.073438 0.279687
0 0.864844 0.314063 0.082812 0.337500
0 0.921875 0.298438 0.053125 0.328125
0 0.210938 0.621094 0.171875 0.617188
0 0.447656 0.214062 0.048438 0.215625
0 0.104688 0.075781 0.015625 0.048438
0 0.075781 0.114062 0.023438 0.093750
0 0.146094 0.132031 0.020313 0.032813
0 0.189062 0.123438 0.015625 0.037500
0 0.315625 0.281250 0.075000 0.256250
0 0.113281 0.106250 0.023438 0.037500
0 0.116406 0.089063 0.232812 0.178125