0 0.274219 0.860156 0.110937 0.279687
0 0.392188 0.763281 0.043750 0.167187
0 0.348438 0.755469 0.034375 0.126562
0 0.425000 0.764844 0.025000 0.151562
0 0.475781 0.782813 0.051562 0.159375
0 0.903906 0.726563 0.023438 0.087500
0 0.203125 0.716406 0.015625 0.076563
0 0.510938 0.774219 0.031250 0.154688
0 0.137500 0.729688 0.031250 0.100000
0 0.228125 0.717969 0.025000 0.079687
0 0.363281 0.753906 0.023438 0.145313
0 0.314063 0.730469 0.031250 0.082812
0 0.850000 0.726563 0.021875 0.084375
0 0.502344 0.812500 0.954688 0.371875