0 0.549219 0.577344 0.132813 0.607812
0 0.888281 0.602344 0.223438 0.679688
0 0.426563 0.758594 0.015625 0.060937
0 0.362500 0.775000 0.034375 0.075000
0 0.299219 0.771875 0.023438 0.084375
0 0.117188 0.755469 0.056250 0.114062
0 0.315625 0.708594 0.009375 0.020313
0 0.457031 0.673438 0.014063 0.037500
0 0.708594 0.729688 0.014063 0.053125
0 0.804688 0.684375 0.109375 0.378125
0 0.326562 0.708594 0.012500 0.023438
0 0.382813 0.694531 0.015625 0.042188
0 0.188281 0.699219 0.007813 0.039063
0 0.499219 0.494531 0.614062 0.457813