0 0.084375 0.489063 0.156250 0.303125
0 0.027344 0.444531 0.054688 0.207813
0 0.821875 0.338281 0.100000 0.148438
0 0.946875 0.327344 0.103125 0.157812
0 0.855469 0.283594 0.076563 0.235937
0 0.853125 0.727344 0.096875 0.535937
0 0.085938 0.232031 0.081250 0.173437
0 0.883594 0.136719 0.057813 0.151562
0 0.928906 0.174219 0.060937 0.154688
0 0.046875 0.155469 0.059375 0.164063
0 0.447656 0.280469 0.079687 0.160938
0 0.392188 0.377344 0.090625 0.132813
0 0.663281 0.500000 0.373437 1.000000
0 0.499219 0.340625 0.998437 0.453125