0 0.625781 0.638281 0.020313 0.095312
0 0.605469 0.635938 0.023438 0.096875
0 0.530469 0.626563 0.032813 0.109375
0 0.579688 0.635156 0.031250 0.098437
0 0.350000 0.611719 0.015625 0.076563
0 0.366406 0.615625 0.020313 0.084375
0 0.315625 0.610156 0.021875 0.073438
0 0.063281 0.606250 0.029687 0.078125
0 0.294531 0.609375 0.017188 0.071875
0 0.016406 0.596094 0.017188 0.089063
0 0.046875 0.603906 0.018750 0.076563
0 0.041406 0.600781 0.020313 0.067187
0 0.719531 0.646094 0.026562 0.089063
0 0.664844 0.635938 0.260937 0.112500