0 0.508594 0.507031 0.132813 0.170313
0 0.235156 0.564063 0.051562 0.100000
0 0.184375 0.582031 0.046875 0.076563
0 0.151562 0.573438 0.028125 0.043750
0 0.438281 0.555469 0.029687 0.045312
0 0.417969 0.558594 0.029687 0.045312
0 0.385937 0.564844 0.021875 0.026562
0 0.090625 0.600000 0.040625 0.040625
0 0.107031 0.575000 0.029687 0.043750
0 0.210938 0.568750 0.021875 0.040625
0 0.277344 0.573438 0.014063 0.021875
0 0.300000 0.568750 0.012500 0.021875
0 0.079687 0.571094 0.025000 0.023438
0 0.883594 0.505469 0.039063 0.054688