0 0.434375 0.440625 0.121875 0.237500
0 0.562500 0.279687 0.046875 0.100000
0 0.287500 0.350000 0.068750 0.221875
0 0.842187 0.319531 0.034375 0.060937
0 0.914063 0.305469 0.040625 0.098437
0 0.798438 0.314063 0.050000 0.078125
0 0.630469 0.300781 0.048438 0.070313
0 0.667188 0.301563 0.040625 0.071875
0 0.752344 0.304688 0.045312 0.078125
0 0.325781 0.304688 0.054688 0.171875
0 0.400000 0.292187 0.043750 0.075000
0 0.517969 0.264062 0.042188 0.103125
0 0.436719 0.285938 0.051562 0.075000
0 0.507813 0.356250 0.978125 0.240625