0 0.934375 0.464844 0.121875 0.364063
0 0.853125 0.760938 0.259375 0.196875
0 0.412500 0.472656 0.218750 0.654687
0 0.301563 0.434375 0.031250 0.034375
0 0.653125 0.463281 0.031250 0.060937
0 0.271875 0.428125 0.056250 0.156250
0 0.165625 0.447656 0.043750 0.076563
0 0.591406 0.421875 0.045312 0.156250
0 0.055469 0.425781 0.057813 0.170313
0 0.024219 0.424219 0.045312 0.164063
0 0.803125 0.478906 0.100000 0.289063
0 0.151562 0.408594 0.040625 0.107813
0 0.546094 0.460938 0.035937 0.062500
0 0.500000 0.472656 0.996875 0.354687