0 0.882031 0.685156 0.020313 0.057813
0 0.416406 0.673438 0.032813 0.059375
0 0.587500 0.685156 0.012500 0.051562
0 0.637500 0.664844 0.009375 0.042188
0 0.665625 0.658594 0.006250 0.032813
0 0.700781 0.646875 0.007813 0.025000
0 0.153125 0.729688 0.025000 0.081250
0 0.846875 0.653906 0.009375 0.032813
0 0.073438 0.717187 0.015625 0.093750
0 0.278906 0.671875 0.010937 0.025000
0 0.615625 0.657813 0.006250 0.021875
0 0.887500 0.657813 0.012500 0.034375
0 0.874219 0.653906 0.010937 0.035937
0 0.382813 0.682813 0.756250 0.187500