0 0.214844 0.792188 0.095312 0.328125
0 0.152344 0.820313 0.064062 0.293750
0 0.094531 0.825781 0.089063 0.329688
0 0.367188 0.757813 0.118750 0.206250
0 0.307812 0.769531 0.056250 0.210938
0 0.510938 0.741406 0.075000 0.189062
0 0.464062 0.756250 0.043750 0.190625
0 0.621875 0.767969 0.037500 0.220312
0 0.652344 0.762500 0.045312 0.212500
0 0.490625 0.707031 0.018750 0.045312
0 0.415625 0.744531 0.031250 0.095312
0 0.594531 0.759375 0.039063 0.137500
0 0.732031 0.774219 0.039063 0.201563
0 0.446875 0.778125 0.875000 0.278125