0 0.536719 0.688281 0.032813 0.157812
0 0.780469 0.689063 0.035937 0.165625
0 0.284375 0.689844 0.025000 0.142187
0 0.363281 0.688281 0.026562 0.139063
0 0.478906 0.685937 0.029687 0.165625
0 0.266406 0.688281 0.020313 0.148438
0 0.847656 0.685937 0.042188 0.175000
0 0.406250 0.684375 0.018750 0.134375
0 0.433594 0.678125 0.032813 0.143750
0 0.276562 0.689063 0.143750 0.159375
0 0.564063 0.687500 0.028125 0.143750
0 0.690625 0.692969 0.028125 0.154688
0 0.065625 0.681250 0.034375 0.143750
0 0.499219 0.692187 0.998437 0.206250