0 0.307031 0.475000 0.017188 0.065625
0 0.771094 0.514844 0.029687 0.107813
0 0.903906 0.586719 0.039063 0.164063
0 0.744531 0.525781 0.026562 0.095312
0 0.944531 0.554688 0.042188 0.128125
0 0.806250 0.514844 0.031250 0.095312
0 0.721094 0.502344 0.023438 0.089063
0 0.864062 0.520312 0.031250 0.090625
0 0.672656 0.501563 0.020313 0.081250
0 0.983594 0.560937 0.032812 0.134375
0 0.310937 0.438281 0.006250 0.023438
0 0.339844 0.458594 0.017188 0.051562
0 0.017969 0.495312 0.026562 0.075000
0 0.475781 0.483594 0.867188 0.107813