0 0.310156 0.837500 0.048438 0.103125
0 0.516406 0.872656 0.026562 0.164063
0 0.703906 0.752344 0.023438 0.026562
0 0.698438 0.764062 0.028125 0.034375
0 0.710156 0.747656 0.014063 0.023438
0 0.764062 0.769531 0.015625 0.023438
0 0.875781 0.767188 0.020313 0.028125
0 0.943750 0.762500 0.018750 0.040625
0 0.228906 0.825000 0.057813 0.190625
0 0.850000 0.769531 0.018750 0.032813
0 0.739844 0.725781 0.010937 0.026562
0 0.686719 0.768750 0.020313 0.034375
0 0.739844 0.749219 0.020313 0.035937
0 0.582031 0.840625 0.335938 0.146875