0 0.256250 0.907813 0.203125 0.078125
0 0.725000 0.733594 0.137500 0.092188
0 0.361719 0.747656 0.051562 0.132813
0 0.486719 0.658594 0.026562 0.114062
0 0.510938 0.655469 0.025000 0.095312
0 0.983594 0.612500 0.032812 0.043750
0 0.566406 0.677344 0.057813 0.026562
0 0.786719 0.636719 0.054688 0.017188
0 0.023438 0.950781 0.046875 0.098437
0 0.012500 0.786719 0.025000 0.114062
0 0.187500 0.696875 0.015625 0.040625
0 0.397656 0.722656 0.032813 0.032813
0 0.217188 0.666406 0.012500 0.042188
0 0.525781 0.667188 0.839063 0.225000