0 0.558594 0.129688 0.076563 0.178125
0 0.823438 0.067187 0.071875 0.109375
0 0.529687 0.078125 0.071875 0.093750
0 0.137500 0.163281 0.162500 0.317188
0 0.491406 0.056250 0.048438 0.100000
0 0.612500 0.052344 0.028125 0.082812
0 0.307812 0.058594 0.053125 0.114062
0 0.855469 0.060156 0.023438 0.042188
0 0.436719 0.037500 0.029687 0.059375
0 0.229687 0.154688 0.128125 0.309375
0 0.355469 0.054688 0.051562 0.075000
0 0.060156 0.121875 0.120312 0.240625
0 0.757031 0.027344 0.045312 0.051562
0 0.878125 0.071094 0.240625 0.142187