0 0.108594 0.761719 0.032813 0.157812
0 0.406250 0.728906 0.031250 0.117188
0 0.486719 0.591406 0.020313 0.070313
0 0.376563 0.725000 0.034375 0.128125
0 0.434375 0.700781 0.028125 0.114062
0 0.928125 0.585938 0.018750 0.068750
0 0.514062 0.592969 0.018750 0.067187
0 0.602344 0.516406 0.014063 0.051562
0 0.758594 0.514844 0.017188 0.045312
0 0.785937 0.606250 0.018750 0.078125
0 0.314844 0.731250 0.032813 0.137500
0 0.456250 0.699219 0.018750 0.114062
0 0.900781 0.588281 0.017188 0.070313
0 0.691406 0.563281 0.579688 0.214062