0 0.482031 0.449219 0.223438 0.807813
0 0.229687 0.578906 0.146875 0.507813
0 0.708594 0.482812 0.095312 0.450000
0 0.903125 0.492969 0.190625 0.982812
0 0.294531 0.430469 0.079687 0.285938
0 0.646875 0.375000 0.043750 0.159375
0 0.034375 0.352344 0.068750 0.232813
0 0.825000 0.531250 0.028125 0.081250
0 0.798438 0.521094 0.031250 0.048438
0 0.756250 0.491406 0.062500 0.420312
0 0.371094 0.489063 0.060937 0.318750
0 0.570313 0.452344 0.118750 0.676562
0 0.675000 0.358594 0.046875 0.089063
0 0.486719 0.476563 0.854688 0.387500