0 0.190625 0.732031 0.012500 0.029687
0 0.232813 0.734375 0.012500 0.028125
0 0.367188 0.748437 0.006250 0.009375
0 0.592969 0.747656 0.007813 0.010937
0 0.609375 0.734375 0.015625 0.031250
0 0.482031 0.743750 0.010937 0.018750
0 0.444531 0.753906 0.014063 0.017188
0 0.417969 0.747656 0.007813 0.014063
0 0.216406 0.735938 0.014063 0.028125
0 0.567969 0.748437 0.010937 0.021875
0 0.292187 0.742188 0.012500 0.021875
0 0.116406 0.738281 0.010937 0.029687
0 0.103906 0.751563 0.010937 0.046875
0 0.361719 0.742188 0.592187 0.062500