0 0.436719 0.414844 0.098437 0.357812
0 0.542969 0.741406 0.285938 0.220312
0 0.349219 0.521094 0.114062 0.476563
0 0.732031 0.436719 0.060937 0.357812
0 0.217969 0.400781 0.073438 0.323437
0 0.583594 0.351563 0.017188 0.143750
0 0.066406 0.466406 0.123438 0.429688
0 0.859375 0.414844 0.034375 0.070313
0 0.814063 0.439063 0.068750 0.146875
0 0.159375 0.302344 0.012500 0.067187
0 0.110156 0.300781 0.010937 0.048438
0 0.563281 0.350781 0.029687 0.160938
0 0.797656 0.378906 0.032813 0.214062
0 0.920312 0.346875 0.112500 0.081250