0 0.218750 0.549219 0.156250 0.542188
0 0.689063 0.667969 0.368750 0.589063
0 0.406250 0.466406 0.068750 0.273438
0 0.767188 0.406250 0.025000 0.112500
0 0.882813 0.405469 0.028125 0.107813
0 0.935156 0.407813 0.079687 0.193750
0 0.864062 0.433594 0.018750 0.079687
0 0.492969 0.400781 0.060937 0.179688
0 0.563281 0.394531 0.045312 0.148438
0 0.829688 0.410938 0.021875 0.100000
0 0.787500 0.403125 0.028125 0.150000
0 0.137500 0.398438 0.046875 0.128125
0 0.514062 0.411719 0.018750 0.104688
0 0.436719 0.408594 0.764062 0.185938