0 0.411719 0.657031 0.007813 0.035937
0 0.473438 0.661719 0.009375 0.026562
0 0.504687 0.657031 0.015625 0.042188
0 0.492969 0.650000 0.010937 0.025000
0 0.981250 0.631250 0.006250 0.021875
0 0.954688 0.634375 0.006250 0.015625
0 0.903906 0.633594 0.010937 0.020313
0 0.920312 0.631250 0.009375 0.021875
0 0.400000 0.655469 0.012500 0.035937
0 0.392969 0.659375 0.004687 0.028125
0 0.359375 0.659375 0.012500 0.034375
0 0.567969 0.644531 0.010937 0.026562
0 0.458594 0.646094 0.004687 0.010937
0 0.615625 0.653125 0.765625 0.068750