0 0.228125 0.554688 0.081250 0.371875
0 0.275000 0.487500 0.059375 0.334375
0 0.392188 0.533594 0.053125 0.335938
0 0.443750 0.491406 0.046875 0.301563
0 0.510156 0.496094 0.076563 0.382813
0 0.584375 0.521094 0.078125 0.351563
0 0.627344 0.480469 0.042188 0.289063
0 0.703906 0.503906 0.076563 0.329688
0 0.782031 0.510938 0.054688 0.303125
0 0.135156 0.546094 0.076563 0.398438
0 0.092969 0.387500 0.035937 0.143750
0 0.549219 0.454688 0.032813 0.193750
0 0.864844 0.509375 0.067187 0.262500
0 0.499219 0.542188 0.998437 0.471875