0 0.093750 0.082812 0.053125 0.150000
0 0.509375 0.039063 0.084375 0.078125
0 0.547656 0.875000 0.342187 0.250000
0 0.827344 0.700000 0.082812 0.246875
0 0.171094 0.896875 0.270313 0.206250
0 0.418750 0.051562 0.075000 0.100000
0 0.050781 0.102344 0.101562 0.204687
0 0.867188 0.067969 0.075000 0.114062
0 0.699219 0.821094 0.085938 0.201563
0 0.576562 0.059375 0.056250 0.115625
0 0.899219 0.462500 0.079687 0.093750
0 0.312500 0.095312 0.040625 0.118750
0 0.278906 0.089844 0.017188 0.085938
0 0.892188 0.846094 0.212500 0.304688