0 0.484375 0.759375 0.178125 0.378125
0 0.268750 0.835938 0.203125 0.259375
0 0.119531 0.798438 0.157812 0.334375
0 0.141406 0.500781 0.045312 0.104688
0 0.408594 0.492969 0.045312 0.117188
0 0.325000 0.524219 0.046875 0.064062
0 0.257031 0.502344 0.048438 0.098437
0 0.026562 0.608594 0.053124 0.182812
0 0.868750 0.520312 0.034375 0.050000
0 0.064844 0.624219 0.067187 0.139063
0 0.286719 0.530469 0.029687 0.057813
0 0.049219 0.509375 0.039063 0.106250
0 0.813281 0.510156 0.026562 0.070313
0 0.499219 0.406250 0.998437 0.812500