0 0.585156 0.716406 0.110937 0.185938
0 0.848437 0.621875 0.118750 0.187500
0 0.671094 0.274219 0.107813 0.207813
0 0.778125 0.839063 0.181250 0.243750
0 0.963281 0.748437 0.073438 0.234375
0 0.596875 0.614844 0.118750 0.201563
0 0.528906 0.585156 0.085938 0.245312
0 0.370312 0.443750 0.109375 0.165625
0 0.651563 0.401562 0.103125 0.150000
0 0.728125 0.387500 0.093750 0.168750
0 0.333594 0.844531 0.117188 0.235937
0 0.185938 0.540625 0.078125 0.131250
0 0.803125 0.417969 0.100000 0.226563
0 0.499219 0.489063 0.998437 0.978125