0 0.503906 0.586719 0.010937 0.064062
0 0.480469 0.595313 0.007813 0.056250
0 0.471094 0.599219 0.010937 0.060937
0 0.514062 0.582031 0.009375 0.042188
0 0.832031 0.500000 0.010937 0.046875
0 0.682031 0.627344 0.017188 0.035937
0 0.648438 0.581250 0.009375 0.021875
0 0.606250 0.587500 0.006250 0.012500
0 0.617969 0.604688 0.004687 0.018750
0 0.628125 0.607031 0.009375 0.039063
0 0.586719 0.586719 0.010937 0.023438
0 0.897656 0.229687 0.004687 0.009375
0 0.641406 0.231250 0.004687 0.012500
0 0.543750 0.444531 0.862500 0.554688