0 0.681250 0.542188 0.178125 0.434375
0 0.525000 0.604688 0.190625 0.318750
0 0.817969 0.330469 0.107813 0.132813
0 0.605469 0.321094 0.067187 0.120313
0 0.732812 0.031250 0.084375 0.062500
0 0.407031 0.300000 0.101563 0.125000
0 0.681250 0.325000 0.081250 0.109375
0 0.538281 0.017969 0.073438 0.035937
0 0.267188 0.515625 0.143750 0.396875
0 0.915625 0.039844 0.071875 0.079687
0 0.982812 0.405469 0.031250 0.045312
0 0.539063 0.322656 0.062500 0.101563
0 0.140625 0.148438 0.068750 0.296875
0 0.669531 0.277344 0.642188 0.554688