0 0.461719 0.828906 0.048438 0.079687
0 0.388281 0.881250 0.045312 0.096875
0 0.085938 0.264844 0.018750 0.020313
0 0.264062 0.216406 0.012500 0.017188
0 0.672656 0.948438 0.042188 0.081250
0 0.955469 0.657031 0.039063 0.073438
0 0.429688 0.204687 0.006250 0.009375
0 0.719531 0.953125 0.048438 0.081250
0 0.705469 0.921094 0.026562 0.051562
0 0.653125 0.864844 0.025000 0.048438
0 0.847656 0.875781 0.023438 0.042188
0 0.889844 0.791406 0.017188 0.026562
0 0.171875 0.612500 0.043750 0.125000
0 0.499219 0.499219 0.998437 0.998437