0 0.391406 0.292187 0.217188 0.415625
0 0.978906 0.048438 0.042188 0.090625
0 0.166406 0.163281 0.123438 0.223438
0 0.064062 0.202344 0.125000 0.335938
0 0.264062 0.761719 0.228125 0.470313
0 0.616406 0.775000 0.239063 0.428125
0 0.727344 0.768750 0.179688 0.315625
0 0.692187 0.255469 0.359375 0.501563
0 0.079687 0.735156 0.150000 0.198437
0 0.675000 0.471875 0.650000 0.859375
0 0.369531 0.692187 0.076563 0.131250
0 0.272656 0.142187 0.120313 0.206250
0 0.872656 0.057031 0.054688 0.064062
0 0.553906 0.373437 0.889062 0.746874