0 0.424219 0.574219 0.173437 0.414063
0 0.660156 0.546875 0.179688 0.437500
0 0.414063 0.333594 0.028125 0.060937
0 0.235937 0.451562 0.059375 0.265625
0 0.157812 0.388281 0.034375 0.104688
0 0.179688 0.421094 0.031250 0.070313
0 0.049219 0.400000 0.035937 0.131250
0 0.835156 0.402344 0.032813 0.120313
0 0.903125 0.395313 0.031250 0.103125
0 0.514062 0.417187 0.031250 0.146875
0 0.329688 0.412500 0.043750 0.146875
0 0.303125 0.396094 0.031250 0.148438
0 0.157812 0.332031 0.031250 0.051562
0 0.554688 0.407813 0.075000 0.159375