0 0.318750 0.537500 0.309375 0.734375
0 0.644531 0.485156 0.129688 0.367188
0 0.115625 0.395313 0.056250 0.350000
0 0.572656 0.380469 0.032813 0.173437
0 0.542969 0.410938 0.039063 0.146875
0 0.403906 0.384375 0.032813 0.240625
0 0.379688 0.360938 0.031250 0.165625
0 0.921094 0.357812 0.029687 0.137500
0 0.894531 0.349219 0.026562 0.123438
0 0.739844 0.342969 0.020313 0.067187
0 0.623437 0.333594 0.028125 0.073438
0 0.565625 0.314844 0.015625 0.045312
0 0.421875 0.386719 0.040625 0.226563
0 0.482031 0.410938 0.964062 0.321875