0 0.440625 0.681250 0.331250 0.462500
0 0.753906 0.355469 0.145313 0.251563
0 0.367188 0.344531 0.050000 0.229687
0 0.644531 0.346094 0.035937 0.167187
0 0.614062 0.341406 0.050000 0.117188
0 0.792188 0.352344 0.078125 0.164063
0 0.197656 0.266406 0.020313 0.076563
0 0.476563 0.318750 0.028125 0.134375
0 0.900000 0.317969 0.037500 0.220312
0 0.497656 0.299219 0.017188 0.054688
0 0.406250 0.300781 0.028125 0.110937
0 0.846875 0.267969 0.028125 0.079687
0 0.550000 0.356250 0.040625 0.184375
0 0.250781 0.248438 0.092188 0.115625