0 0.038281 0.190625 0.076562 0.162500
0 0.201563 0.263281 0.084375 0.129688
0 0.280469 0.270313 0.070313 0.131250
0 0.457031 0.207031 0.092188 0.245312
0 0.695313 0.495312 0.350000 0.903125
0 0.146094 0.089844 0.089063 0.176563
0 0.305469 0.068750 0.085938 0.134375
0 0.458594 0.077344 0.070313 0.142187
0 0.609375 0.055469 0.062500 0.110937
0 0.540625 0.163281 0.078125 0.154688
0 0.378906 0.159375 0.076563 0.146875
0 0.373437 0.267188 0.093750 0.137500
0 0.296094 0.136719 0.089063 0.145313
0 0.327344 0.268750 0.507813 0.162500