0 0.251563 0.732031 0.093750 0.251563
0 0.478125 0.632031 0.078125 0.295312
0 0.338281 0.460156 0.020313 0.079687
0 0.293750 0.450000 0.025000 0.075000
0 0.629687 0.467969 0.018750 0.098437
0 0.785156 0.464062 0.023438 0.106250
0 0.878125 0.444531 0.021875 0.064062
0 0.987500 0.453906 0.025000 0.142187
0 0.426563 0.437500 0.015625 0.103125
0 0.452344 0.429688 0.017188 0.062500
0 0.110156 0.423438 0.007813 0.015625
0 0.338281 0.438281 0.023438 0.060937
0 0.232031 0.406250 0.017188 0.056250
0 0.190625 0.464062 0.196875 0.193750