0 0.817187 0.802344 0.037500 0.126562
0 0.745313 0.761719 0.009375 0.051562
0 0.721875 0.757031 0.009375 0.035937
0 0.589844 0.754687 0.017188 0.053125
0 0.401562 0.751563 0.015625 0.056250
0 0.359375 0.754687 0.012500 0.068750
0 0.150781 0.768750 0.026562 0.109375
0 0.763281 0.754687 0.017188 0.059375
0 0.124219 0.770312 0.014063 0.093750
0 0.272656 0.767969 0.026562 0.073438
0 0.346094 0.757031 0.020313 0.073438
0 0.332031 0.760156 0.017188 0.073438
0 0.321875 0.783594 0.034375 0.101563
0 0.442969 0.743750 0.626563 0.146875