0 0.156250 0.638281 0.121875 0.570313
0 0.614062 0.675000 0.118750 0.634375
0 0.657813 0.201563 0.087500 0.221875
0 0.840625 0.179688 0.065625 0.281250
0 0.940625 0.166406 0.037500 0.245312
0 0.757813 0.049219 0.028125 0.073438
0 0.640625 0.101563 0.040625 0.109375
0 0.659375 0.080469 0.018750 0.082812
0 0.617188 0.068750 0.037500 0.103125
0 0.471875 0.092969 0.046875 0.114062
0 0.730469 0.054688 0.032813 0.062500
0 0.877344 0.131250 0.023438 0.068750
0 0.909375 0.089844 0.050000 0.092188
0 0.490625 0.085156 0.981250 0.170312