0 0.260937 0.421094 0.106250 0.639062
0 0.808594 0.042969 0.014063 0.051562
0 0.199219 0.521875 0.151562 0.843750
0 0.807031 0.375781 0.104688 0.360938
0 0.491406 0.391406 0.126562 0.498437
0 0.709375 0.046875 0.015625 0.059375
0 0.685937 0.043750 0.018750 0.062500
0 0.863281 0.046094 0.014063 0.048438
0 0.673438 0.050781 0.009375 0.048438
0 0.720313 0.046094 0.012500 0.057813
0 0.912500 0.446094 0.121875 0.235937
0 0.775781 0.039844 0.017188 0.064062
0 0.871875 0.042969 0.012500 0.048438
0 0.800000 0.050000 0.384375 0.100000