0 0.460938 0.401562 0.143750 0.543750
0 0.359375 0.351563 0.062500 0.278125
0 0.671094 0.490625 0.232813 0.678125
0 0.739844 0.507813 0.489063 0.803125
0 0.314844 0.379688 0.089063 0.431250
0 0.211719 0.371094 0.104688 0.354687
0 0.127344 0.345313 0.064062 0.265625
0 0.900000 0.267969 0.050000 0.064062
0 0.987500 0.443750 0.025000 0.215625
0 0.938281 0.346094 0.101563 0.276562
0 0.080469 0.318750 0.054688 0.240625
0 0.034375 0.309375 0.065625 0.284375
0 0.554688 0.329688 0.121875 0.584375
0 0.499219 0.362500 0.998437 0.312500