0 0.907813 0.473438 0.043750 0.156250
0 0.844531 0.479687 0.042188 0.159375
0 0.782813 0.492188 0.043750 0.140625
0 0.732031 0.492969 0.042188 0.160938
0 0.435937 0.448437 0.031250 0.121875
0 0.392188 0.449219 0.050000 0.126562
0 0.265625 0.439063 0.031250 0.071875
0 0.271875 0.532813 0.031250 0.137500
0 0.235156 0.553125 0.048438 0.143750
0 0.191406 0.551562 0.042188 0.153125
0 0.376563 0.545312 0.034375 0.143750
0 0.200781 0.484375 0.039063 0.059375
0 0.337500 0.482031 0.031250 0.117188
0 0.288281 0.498437 0.182812 0.206250