0 0.183594 0.409375 0.292187 0.656250
0 0.379688 0.171094 0.059375 0.198437
0 0.483594 0.157031 0.051562 0.123438
0 0.666406 0.159375 0.076563 0.178125
0 0.274219 0.279687 0.207813 0.556250
0 0.556250 0.134375 0.090625 0.087500
0 0.950781 0.189062 0.098437 0.162500
0 0.438281 0.193750 0.064062 0.190625
0 0.719531 0.185938 0.039063 0.125000
0 0.022656 0.214062 0.045312 0.178125
0 0.917969 0.173437 0.164062 0.187500
0 0.634375 0.143750 0.021875 0.056250
0 0.747656 0.229687 0.054688 0.175000
0 0.511719 0.161719 0.973437 0.201563