0 0.903125 0.927344 0.112500 0.145312
0 0.705469 0.978906 0.029687 0.042188
0 0.743750 0.982031 0.028125 0.035937
0 0.432812 0.982031 0.015625 0.035937
0 0.542188 0.982812 0.018750 0.034375
0 0.029687 0.978125 0.050000 0.043750
0 0.775000 0.975781 0.021875 0.048438
0 0.646094 0.982031 0.026562 0.035937
0 0.614844 0.983594 0.023438 0.029687
0 0.560937 0.980469 0.025000 0.039062
0 0.978906 0.987500 0.010937 0.025000
0 0.389062 0.981250 0.034375 0.037500
0 0.366406 0.986719 0.017188 0.026562
0 0.410938 0.982031 0.562500 0.029687