0 0.331250 0.508594 0.662500 0.585938
0 0.609375 0.329688 0.093750 0.153125
0 0.411719 0.240625 0.082812 0.250000
0 0.823438 0.173437 0.021875 0.046875
0 0.875000 0.164063 0.018750 0.053125
0 0.807813 0.267188 0.106250 0.215625
0 0.049219 0.221875 0.098437 0.243750
0 0.727344 0.368750 0.107813 0.187500
0 0.349219 0.201563 0.032813 0.056250
0 0.665625 0.196875 0.081250 0.168750
0 0.718750 0.203125 0.037500 0.171875
0 0.214844 0.252344 0.045312 0.104688
0 0.170313 0.167187 0.031250 0.112500
0 0.529687 0.216406 0.925000 0.279687