0 0.515625 0.392969 0.040625 0.057813
0 0.725781 0.425000 0.054688 0.078125
0 0.564844 0.390625 0.048438 0.059375
0 0.403906 0.409375 0.035937 0.046875
0 0.370312 0.409375 0.046875 0.050000
0 0.260937 0.420312 0.046875 0.050000
0 0.296875 0.425781 0.028125 0.029687
0 0.221094 0.428906 0.029687 0.035937
0 0.324219 0.417187 0.035937 0.046875
0 0.689063 0.419531 0.034375 0.073438
0 0.634375 0.411719 0.040625 0.067187
0 0.668750 0.422656 0.021875 0.064062
0 0.474219 0.414063 0.020313 0.021875
0 0.171875 0.428125 0.065625 0.056250