0 0.137500 0.496875 0.025000 0.121875
0 0.250000 0.472656 0.037500 0.123438
0 0.178906 0.579688 0.045312 0.062500
0 0.385937 0.499219 0.078125 0.123438
0 0.579688 0.521094 0.040625 0.132813
0 0.220312 0.851563 0.128125 0.275000
0 0.552344 0.303906 0.017188 0.082812
0 0.464062 0.500000 0.031250 0.131250
0 0.902344 0.817969 0.070313 0.139063
0 0.514844 0.503906 0.045312 0.160938
0 0.581250 0.297656 0.015625 0.079687
0 0.639844 0.251563 0.014063 0.065625
0 0.489844 0.327344 0.023438 0.079687
0 0.499219 0.499219 0.998437 0.998437