0 0.139063 0.587500 0.040625 0.140625
0 0.067187 0.578906 0.031250 0.129688
0 0.210938 0.468750 0.025000 0.046875
0 0.537500 0.414063 0.025000 0.112500
0 0.505469 0.417969 0.029687 0.110937
0 0.260156 0.486719 0.035937 0.076563
0 0.227344 0.492969 0.026562 0.073438
0 0.114844 0.582812 0.032813 0.137500
0 0.642969 0.407813 0.026562 0.109375
0 0.628906 0.678125 0.110937 0.140625
0 0.110156 0.467969 0.023438 0.092188
0 0.642188 0.444531 0.009375 0.020313
0 0.357812 0.460938 0.015625 0.040625
0 0.346875 0.407813 0.643750 0.231250