0 0.425781 0.675000 0.026562 0.131250
0 0.451562 0.677344 0.025000 0.082812
0 0.479687 0.679688 0.034375 0.137500
0 0.532813 0.667969 0.034375 0.104688
0 0.546094 0.683594 0.039063 0.151562
0 0.717969 0.678125 0.045312 0.212500
0 0.981250 0.754687 0.037500 0.215625
0 0.611719 0.685937 0.045312 0.178125
0 0.800781 0.676562 0.054688 0.187500
0 0.844531 0.730469 0.067187 0.248438
0 0.379688 0.685937 0.037500 0.118750
0 0.217969 0.628125 0.007813 0.031250
0 0.521875 0.654687 0.018750 0.106250
0 0.260156 0.658594 0.257813 0.145313