0 0.725000 0.691406 0.065625 0.317188
0 0.832031 0.744531 0.048438 0.210938
0 0.437500 0.461719 0.034375 0.139063
0 0.168750 0.538281 0.040625 0.195313
0 0.634375 0.480469 0.025000 0.110937
0 0.374219 0.181250 0.004687 0.021875
0 0.819531 0.495312 0.017188 0.162500
0 0.678125 0.460938 0.015625 0.071875
0 0.117969 0.382813 0.020313 0.087500
0 0.077344 0.076563 0.004687 0.018750
0 0.018750 0.310156 0.009375 0.064062
0 0.122656 0.228906 0.007813 0.029687
0 0.871875 0.732812 0.081250 0.278125
0 0.500000 0.282813 0.996875 0.565625