0 0.501563 0.764844 0.021875 0.089063
0 0.737500 0.948438 0.059375 0.103124
0 0.489063 0.725781 0.018750 0.079687
0 0.372656 0.752344 0.014063 0.048438
0 0.245312 0.785937 0.062500 0.065625
0 0.463281 0.752344 0.029687 0.095312
0 0.914063 0.771094 0.031250 0.042188
0 0.868750 0.760156 0.021875 0.035937
0 0.060156 0.735156 0.120312 0.529687
0 0.236719 0.745313 0.023438 0.046875
0 0.814844 0.785156 0.026562 0.107813
0 0.350000 0.728125 0.018750 0.093750
0 0.234375 0.795312 0.100000 0.112500
0 0.543750 0.762500 0.909375 0.471875