0 0.414063 0.657813 0.159375 0.621875
0 0.082812 0.624219 0.156250 0.720313
0 0.197656 0.611719 0.089063 0.120313
0 0.221875 0.588281 0.068750 0.160938
0 0.220312 0.517188 0.040625 0.093750
0 0.846094 0.591406 0.307812 0.782813
0 0.229687 0.383594 0.034375 0.104688
0 0.709375 0.507813 0.050000 0.156250
0 0.612500 0.446094 0.281250 0.664063
0 0.675781 0.531250 0.079687 0.146875
0 0.210938 0.478125 0.081250 0.165625
0 0.275781 0.587500 0.070313 0.178125
0 0.152344 0.458594 0.048438 0.139063
0 0.500000 0.357812 0.996875 0.665625