0 0.311719 0.532031 0.054688 0.229687
0 0.096094 0.866406 0.182812 0.223438
0 0.073438 0.489063 0.037500 0.165625
0 0.538281 0.458594 0.023438 0.082812
0 0.832812 0.544531 0.043750 0.076563
0 0.963281 0.573438 0.045312 0.137500
0 0.928125 0.538281 0.031250 0.157812
0 0.343750 0.460938 0.015625 0.037500
0 0.595313 0.900781 0.181250 0.195313
0 0.723437 0.942187 0.062500 0.115625
0 0.742969 0.488281 0.017188 0.023438
0 0.297656 0.935156 0.085938 0.129688
0 0.246094 0.405469 0.026562 0.095312
0 0.575781 0.607812 0.817187 0.746875