0 0.555469 0.350000 0.260937 0.390625
0 0.775781 0.300781 0.132813 0.176563
0 0.674219 0.264062 0.073438 0.159375
0 0.453906 0.324219 0.067187 0.179688
0 0.300781 0.232813 0.060937 0.250000
0 0.144531 0.416406 0.210938 0.310937
0 0.214062 0.259375 0.071875 0.259375
0 0.103906 0.167187 0.035937 0.087500
0 0.060937 0.279687 0.068750 0.271875
0 0.409375 0.318750 0.053125 0.184375
0 0.135156 0.221094 0.076563 0.226563
0 0.849219 0.306250 0.060937 0.159375
0 0.476563 0.247656 0.062500 0.120313
0 0.225000 0.239844 0.450000 0.079687