0 0.594531 0.178125 0.026562 0.128125
0 0.444531 0.169531 0.042188 0.170313
0 0.344531 0.174219 0.035937 0.142187
0 0.131250 0.472656 0.028125 0.220312
0 0.852344 0.750000 0.045312 0.250000
0 0.907813 0.821094 0.040625 0.173437
0 0.946875 0.816406 0.043750 0.214062
0 0.879687 0.132031 0.021875 0.045312
0 0.859375 0.157031 0.015625 0.120313
0 0.939844 0.060937 0.014063 0.046875
0 0.428125 0.092188 0.028125 0.125000
0 0.896875 0.189062 0.018750 0.109375
0 0.913281 0.203125 0.010937 0.109375
0 0.863281 0.167187 0.270313 0.334374