0 0.558594 0.468750 0.432812 0.287500
0 0.898438 0.402344 0.137500 0.126562
0 0.152344 0.300000 0.104688 0.100000
0 0.066406 0.312500 0.095312 0.087500
0 0.553906 0.305469 0.076563 0.098437
0 0.254688 0.308594 0.100000 0.095312
0 0.463281 0.278906 0.070313 0.129688
0 0.385156 0.258594 0.085938 0.148438
0 0.842187 0.336719 0.112500 0.220312
0 0.625781 0.319531 0.110937 0.217188
0 0.254688 0.236719 0.090625 0.110937
0 0.162500 0.214062 0.068750 0.100000
0 0.114844 0.239063 0.064062 0.125000
0 0.500000 0.342187 0.996875 0.603125