0 0.708594 0.582812 0.295312 0.650000
0 0.604688 0.514844 0.106250 0.089063
0 0.248438 0.589844 0.175000 0.717187
0 0.395313 0.457031 0.090625 0.114062
0 0.492188 0.468750 0.056250 0.056250
0 0.516406 0.436719 0.110937 0.129688
0 0.449219 0.342969 0.089063 0.123438
0 0.379688 0.339062 0.056250 0.103125
0 0.360938 0.405469 0.075000 0.132813
0 0.392969 0.152344 0.082812 0.254688
0 0.932813 0.470313 0.087500 0.093750
0 0.304688 0.407031 0.046875 0.123438
0 0.305469 0.357031 0.051562 0.092188
0 0.507813 0.261719 0.981250 0.523438