0 0.680469 0.760156 0.189062 0.420312
0 0.195313 0.687500 0.084375 0.265625
0 0.367188 0.738281 0.112500 0.304688
0 0.842969 0.672656 0.060937 0.192188
0 0.582812 0.773438 0.059375 0.221875
0 0.903906 0.675781 0.067187 0.182812
0 0.959375 0.667969 0.043750 0.154688
0 0.226563 0.697656 0.046875 0.195313
0 0.379688 0.635938 0.065625 0.137500
0 0.452344 0.745313 0.104688 0.303125
0 0.497656 0.654687 0.048438 0.153125
0 0.559375 0.658594 0.075000 0.160938
0 0.611719 0.625781 0.042188 0.095312
0 0.790625 0.650000 0.321875 0.168750