0 0.337500 0.710156 0.278125 0.435937
0 0.562500 0.260937 0.093750 0.056250
0 0.257813 0.280469 0.109375 0.051562
0 0.933594 0.134375 0.120313 0.068750
0 0.189844 0.138281 0.104688 0.073438
0 0.122656 0.146875 0.126562 0.084375
0 0.039063 0.157812 0.078125 0.065625
0 0.496094 0.156250 0.095312 0.121875
0 0.864844 0.097656 0.070313 0.076563
0 0.408594 0.039063 0.085938 0.075000
0 0.331250 0.047656 0.100000 0.079687
0 0.940625 0.089844 0.081250 0.079687
0 0.040625 0.283594 0.081250 0.057813
0 0.453906 0.108594 0.907812 0.217188