0 0.260156 0.844531 0.064062 0.207813
0 0.303125 0.853906 0.034375 0.089063
0 0.357812 0.825781 0.028125 0.157812
0 0.390625 0.821094 0.034375 0.185938
0 0.413281 0.828906 0.023438 0.145313
0 0.587500 0.823438 0.037500 0.156250
0 0.532031 0.819531 0.029687 0.160938
0 0.496094 0.823438 0.048438 0.178125
0 0.547656 0.814063 0.020313 0.156250
0 0.450781 0.817187 0.039063 0.178125
0 0.640625 0.842187 0.037500 0.190625
0 0.479687 0.771094 0.009375 0.032813
0 0.668750 0.833594 0.021875 0.182812
0 0.552344 0.754687 0.182812 0.037500