0 0.578125 0.551562 0.096875 0.450000
0 0.809375 0.564844 0.078125 0.432812
0 0.260937 0.717187 0.134375 0.406250
0 0.867969 0.503125 0.073438 0.131250
0 0.865625 0.424219 0.037500 0.098437
0 0.938281 0.513281 0.079687 0.110937
0 0.865625 0.367969 0.021875 0.079687
0 0.377344 0.544531 0.079687 0.054688
0 0.490625 0.465625 0.040625 0.078125
0 0.921875 0.379688 0.009375 0.031250
0 0.380469 0.932031 0.185938 0.135937
0 0.520312 0.446875 0.025000 0.084375
0 0.979688 0.411719 0.012500 0.060937
0 0.482031 0.537500 0.823438 0.284375