0 0.885938 0.556250 0.131250 0.262500
0 0.075781 0.409375 0.151562 0.390625
0 0.525781 0.311719 0.273438 0.335938
0 0.807813 0.507813 0.109375 0.287500
0 0.809375 0.426563 0.034375 0.034375
0 0.789844 0.447656 0.039063 0.029687
0 0.749219 0.485156 0.035937 0.035937
0 0.710156 0.555469 0.048438 0.154688
0 0.671094 0.556250 0.057813 0.118750
0 0.646875 0.518750 0.021875 0.040625
0 0.597656 0.550000 0.076563 0.125000
0 0.750781 0.549219 0.064062 0.173437
0 0.878125 0.500781 0.153125 0.317188
0 0.546875 0.400781 0.903125 0.598437