0 0.887500 0.646094 0.225000 0.429688
0 0.528125 0.630469 0.281250 0.492188
0 0.874219 0.386719 0.073438 0.051562
0 0.636719 0.396094 0.076563 0.073438
0 0.424219 0.371875 0.064062 0.050000
0 0.419531 0.441406 0.089063 0.070313
0 0.471875 0.139844 0.078125 0.064062
0 0.838281 0.331250 0.079687 0.046875
0 0.301563 0.503125 0.109375 0.115625
0 0.869531 0.405469 0.079687 0.045312
0 0.804688 0.398438 0.075000 0.062500
0 0.317188 0.301563 0.053125 0.065625
0 0.711719 0.402344 0.079687 0.057813
0 0.278906 0.413281 0.095312 0.045312