0 0.428906 0.556250 0.254688 0.443750
0 0.725000 0.521094 0.062500 0.070313
0 0.680469 0.498437 0.026562 0.046875
0 0.769531 0.478125 0.007813 0.006250
0 0.771094 0.524219 0.039063 0.054688
0 0.624219 0.512500 0.032813 0.068750
0 0.565625 0.517188 0.037500 0.062500
0 0.964063 0.533594 0.034375 0.089063
0 0.135156 0.518750 0.048438 0.106250
0 0.537500 0.496094 0.021875 0.042188
0 0.592187 0.510156 0.025000 0.042188
0 0.652344 0.489844 0.029687 0.032813
0 0.802344 0.510156 0.023438 0.070313
0 0.500000 0.520312 0.996875 0.156250