0 0.453906 0.155469 0.057813 0.129688
0 0.631250 0.766406 0.143750 0.279687
0 0.760938 0.767969 0.134375 0.326562
0 0.496875 0.138281 0.087500 0.242188
0 0.432031 0.691406 0.170313 0.423438
0 0.589063 0.151562 0.096875 0.231250
0 0.686719 0.159375 0.064062 0.221875
0 0.805469 0.196875 0.092188 0.262500
0 0.863281 0.202344 0.057813 0.245312
0 0.359375 0.138281 0.065625 0.120313
0 0.321094 0.092188 0.089063 0.184375
0 0.967187 0.141406 0.043750 0.089063
0 0.195313 0.107031 0.040625 0.154688
0 0.495312 0.169531 0.987500 0.317188