0 0.439063 0.789844 0.100000 0.420312
0 0.348438 0.699219 0.068750 0.276562
0 0.413281 0.561719 0.029687 0.076563
0 0.329688 0.575781 0.028125 0.126562
0 0.300000 0.607812 0.021875 0.146875
0 0.294531 0.567187 0.014063 0.078125
0 0.534375 0.563281 0.015625 0.070313
0 0.392969 0.675781 0.042188 0.276562
0 0.491406 0.567187 0.010937 0.053125
0 0.470313 0.559375 0.012500 0.056250
0 0.228906 0.604688 0.017188 0.121875
0 0.364063 0.568750 0.021875 0.093750
0 0.452344 0.558594 0.014063 0.067187
0 0.596875 0.585938 0.171875 0.131250