0 0.810156 0.250000 0.073438 0.131250
0 0.752344 0.266406 0.048438 0.101563
0 0.079687 0.404687 0.159374 0.375000
0 0.838281 0.290625 0.101563 0.106250
0 0.272656 0.324219 0.029687 0.032813
0 0.452344 0.407031 0.173437 0.382813
0 0.385937 0.308594 0.028125 0.054688
0 0.531250 0.292187 0.046875 0.087500
0 0.404687 0.335156 0.034375 0.060937
0 0.255469 0.319531 0.014063 0.029687
0 0.207813 0.321875 0.025000 0.028125
0 0.370312 0.321875 0.018750 0.040625
0 0.302344 0.316406 0.010937 0.017188
0 0.486719 0.283594 0.798438 0.089063