0 0.180469 0.714844 0.004687 0.020313
0 0.317969 0.690625 0.007813 0.025000
0 0.235937 0.698438 0.006250 0.021875
0 0.244531 0.707031 0.007813 0.029687
0 0.128906 0.700000 0.004687 0.021875
0 0.379688 0.688281 0.006250 0.023438
0 0.065625 0.708594 0.006250 0.020313
0 0.191406 0.695313 0.007813 0.025000
0 0.207031 0.714844 0.004687 0.020313
0 0.227344 0.700000 0.007813 0.025000
0 0.153125 0.700781 0.006250 0.017188
0 0.214062 0.717187 0.006250 0.015625
0 0.214844 0.690625 0.007813 0.021875
0 0.485938 0.685156 0.662500 0.098437