0 0.254688 0.442969 0.090625 0.354687
0 0.957812 0.359375 0.081250 0.334375
0 0.864062 0.381250 0.109375 0.303125
0 0.353906 0.438281 0.079687 0.285938
0 0.310156 0.416406 0.057813 0.232813
0 0.453906 0.393750 0.051562 0.193750
0 0.767188 0.350000 0.043750 0.146875
0 0.496875 0.348438 0.031250 0.150000
0 0.467969 0.316406 0.029687 0.054688
0 0.527344 0.363281 0.029687 0.145313
0 0.581250 0.416406 0.062500 0.220312
0 0.685937 0.395313 0.075000 0.225000
0 0.469531 0.298438 0.010937 0.021875
0 0.506250 0.399219 0.278125 0.264062