0 0.667969 0.578906 0.114062 0.110937
0 0.717187 0.757031 0.159375 0.176563
0 0.614062 0.759375 0.109375 0.175000
0 0.557031 0.757813 0.160938 0.175000
0 0.298438 0.697656 0.112500 0.182812
0 0.786719 0.752344 0.139063 0.173437
0 0.125000 0.698438 0.109375 0.187500
0 0.503125 0.381250 0.275000 0.325000
0 0.589063 0.581250 0.081250 0.059375
0 0.150781 0.575781 0.104688 0.076563
0 0.050781 0.700781 0.101562 0.179688
0 0.425781 0.756250 0.104688 0.184375
0 0.882813 0.750781 0.156250 0.179688
0 0.486719 0.415625 0.970313 0.790625