0 0.653125 0.691406 0.025000 0.101563
0 0.802344 0.697656 0.032813 0.107813
0 0.508594 0.680469 0.023438 0.095312
0 0.485156 0.684375 0.029687 0.087500
0 0.471094 0.676562 0.017188 0.081250
0 0.397656 0.675000 0.026562 0.087500
0 0.717969 0.703125 0.045312 0.134375
0 0.335156 0.670312 0.020313 0.059375
0 0.689844 0.689844 0.032813 0.129688
0 0.354687 0.670312 0.021875 0.071875
0 0.832812 0.711719 0.053125 0.129688
0 0.883594 0.660937 0.042188 0.075000
0 0.301563 0.665625 0.018750 0.056250
0 0.325781 0.688281 0.589063 0.123438