0 0.507813 0.485156 0.350000 0.864062
0 0.107813 0.376563 0.090625 0.103125
0 0.221875 0.369531 0.106250 0.120313
0 0.689844 0.379688 0.045312 0.087500
0 0.819531 0.365625 0.064062 0.121875
0 0.923438 0.358594 0.071875 0.129688
0 0.977344 0.223438 0.045312 0.025000
0 0.953125 0.059375 0.068750 0.118750
0 0.596875 0.375781 0.100000 0.107813
0 0.170313 0.779687 0.137500 0.387500
0 0.047656 0.786719 0.095312 0.367188
0 0.184375 0.228125 0.071875 0.340625
0 0.335938 0.365625 0.068750 0.125000
0 0.500000 0.490625 0.996875 0.981250