0 0.664844 0.542969 0.032813 0.104688
0 0.629687 0.533594 0.031250 0.129688
0 0.871875 0.521875 0.028125 0.081250
0 0.831250 0.553125 0.034375 0.118750
0 0.603906 0.532031 0.026562 0.092188
0 0.502344 0.526563 0.039063 0.065625
0 0.964063 0.592969 0.056250 0.164063
0 0.984375 0.546875 0.031250 0.093750
0 0.568750 0.541406 0.031250 0.104688
0 0.592969 0.519531 0.014063 0.092188
0 0.788281 0.502344 0.023438 0.048438
0 0.542188 0.521094 0.018750 0.079687
0 0.850781 0.536719 0.020313 0.104688
0 0.434375 0.535156 0.443750 0.117188