0 0.294531 0.564063 0.076563 0.306250
0 0.107813 0.532813 0.125000 0.356250
0 0.214844 0.396094 0.035937 0.060937
0 0.620313 0.428906 0.056250 0.117188
0 0.228906 0.534375 0.070313 0.181250
0 0.177344 0.442188 0.045312 0.156250
0 0.316406 0.400000 0.032813 0.096875
0 0.385937 0.416406 0.037500 0.107813
0 0.897656 0.695313 0.204687 0.609374
0 0.827344 0.445313 0.032813 0.059375
0 0.341406 0.435156 0.045312 0.148438
0 0.243750 0.440625 0.043750 0.159375
0 0.154688 0.390625 0.018750 0.056250
0 0.092969 0.515625 0.185938 0.328125