0 0.793750 0.760938 0.125000 0.478124
0 0.752344 0.630469 0.085938 0.410938
0 0.525000 0.554688 0.137500 0.368750
0 0.392188 0.465625 0.100000 0.390625
0 0.157812 0.403906 0.103125 0.370312
0 0.538281 0.583594 0.164063 0.379688
0 0.148438 0.071094 0.056250 0.142187
0 0.492188 0.482812 0.096875 0.396875
0 0.813281 0.719531 0.101563 0.432812
0 0.733594 0.131250 0.045312 0.096875
0 0.322656 0.100000 0.067187 0.100000
0 0.298438 0.433594 0.084375 0.389062
0 0.263281 0.090625 0.070313 0.181250
0 0.444531 0.102344 0.867188 0.204687