0 0.687500 0.627344 0.565625 0.598437
0 0.265625 0.347656 0.215625 0.282813
0 0.564844 0.375781 0.079687 0.123438
0 0.164844 0.336719 0.039063 0.032813
0 0.125781 0.344531 0.045312 0.042188
0 0.060156 0.360938 0.051562 0.068750
0 0.932031 0.338281 0.042188 0.042188
0 0.803125 0.364844 0.209375 0.235937
0 0.971094 0.343750 0.057812 0.071875
0 0.907031 0.380469 0.035937 0.076563
0 0.871875 0.339844 0.031250 0.039063
0 0.905469 0.328125 0.039063 0.053125
0 0.601563 0.332031 0.034375 0.045312
0 0.449219 0.376563 0.895312 0.134375