0 0.651563 0.600781 0.056250 0.164063
0 0.627344 0.514062 0.051562 0.075000
0 0.325000 0.421094 0.021875 0.073438
0 0.582812 0.514844 0.037500 0.073438
0 0.608594 0.628906 0.032813 0.117188
0 0.600000 0.415625 0.021875 0.093750
0 0.582812 0.653125 0.034375 0.062500
0 0.643750 0.393750 0.012500 0.037500
0 0.545312 0.565625 0.031250 0.081250
0 0.556250 0.657813 0.034375 0.062500
0 0.687500 0.417969 0.028125 0.089063
0 0.503906 0.615625 0.054688 0.143750
0 0.619531 0.580469 0.029687 0.098437
0 0.469531 0.530469 0.442188 0.339062